image: map_01v3.pgm
resolution: 0.050000
#origin: [-100.60000, -96.500000, 0.000]
origin: [100.85, 96.4, 3.14]
negate: 0
occupied_thresh: 0.65
free_thresh: 0.196